82,90513865107307;54,988404338501674;224,63026974534944
82,90441547528575;54,98797238896615;224,63483864003078
82,90362687616073;54,987513109924414;224,63516630729538
82,90285824180066;54,9870562634098;223,77535109126532
82,90211701903176;54,986611412836346;223,77563729708774
82,90250812009428;54,98620590994241;133,96756629496107
82,90320198397588;54,98581646896884;134,3183049735533
82,90375755412745;54,985503059031956;134,54796356889645
82,90423068488764;54,98523524135755;134,54777774122374
82,90477789462034;54,98492546664755;134,55524384678947
82,90532033974281;54,984618330782105;134,55502449515456
82,90573511609959;54,98438348178074;134,55485581512806
82,90626108338867;54,984423618351556;44,2096454610207
82,90682676795431;54,984758028564436;44,20940446161586
82,9074162977509;54,9851093971972;43,8093394856209
82,90808870244895;54,98551248565257;43,809075206558255
82,90862480437934;54,985833889813335;43,77383823402695
82,90916091003838;54,9861538086579;44,81071853829734
82,91007901273986;54,98657126247426;98,43476649230165
82,91095687501864;54,98652099668055;95,02894443815129
82,91175175888168;54,986480773641674;95,02893948947636
82,91249587920414;54,98644311936031;95,02893483791567
82,91311072454442;54,986411873599224;95,10297181412442
82,91376500000001;54,98638299999472;5,111573540271266
82,91379998133212;54,98696603743953;0,5975672441620787
82,91380959868562;54,98750058108271;359,09328722465693
82,91380098274738;54,98789972593101;359,21704651763616
82,91379228256964;54,988265802641116;359,2170541138048
82,91378708993025;54,98878404078681;359,66175352332493
82,91378199473075;54,98928147874135;359,63740074858526
82,9137765418844;54,989776908781515;359,63740518085126
82,91376906849338;54,99025005972881;358,8695485968264
82,91374684356748;54,99086391080744;358,6824776055861
82,91372615049332;54,99138123766163;358,68249450408797
82,91369257502171;54,992016651175355;358,12491599798796
82,91374369070368;54,99255041698733;9,086372476736855
82,91377486690665;54,992657034945914;13,08927365803521
82,9138720186936;54,99289727317089;13,089200140764675
82,91394586746566;54,99306803643452;14,012793026873439
82,91405462928991;54,99327666586591;17,89639383523749
82,91418822462973;54,993494677152285;21,119922271016193
82,91432601050006;54,993675018507425;27,42897316242709
82,91450059902188;54,993845403262206;33,65493609995342
82,91473746626548;54,99401737757277;41,47665470463252
82,91497340505495;54,994170827095154;41,47654438254206
82,91520902138001;54,99432463917024;41,29839622668638
82,91547528267463;54,99449889802629;41,2982710204675
82,91585649652826;54,99474838937708;41,2980896519839
82,91623720864668;54,995003840769975;40,25998814137214
82,91651854642674;54,99519483610044;40,25985399901228
82,91683739284342;54,99541129539255;40,25970086342042
82,91726882424443;54,99570418667425;40,259506332469286
82,91758022170674;54,99591459930136;40,397094840387815
82,91794423524553;54,99616052044101;40,39691937531207
82,9183478364568;54,99643354066915;40,40704565209513
82,91875667627681;54,99671415969453;39,94034157654078
82,91917244047315;54,99699961667029;39,940129953832475
82,9196192039344;54,99730675423973;39,872250536460136
82,92008944777012;54,99763039187119;39,872017916828725
82,92059956454919;54,99797918771193;40,347180369747186
82,92111518796007;54,998328131169515;40,34693319505137
82,92165089965654;54,998690669191795;40,34667610405059
82,92223877590207;54,9990869579193;40,92858237188574
82,92277336083419;54,99944137112459;40,92833999345794
82,92332010705701;54,99981319486045;40,11822421531146
82,92386058767296;55,00018225838969;39,94300849147187
82,92420971169216;55,00042191779349;39,94284774657317
82,92457217938299;55,00067073708377;39,94267556511405
82,92479779340363;55,00082561190963;39,9425653450937
82,9251570541364;55,001072229753994;39,942388776922044
82,92549333180689;55,00129507124407;41,54903754684995
82,92586434142208;55,0015357106075;41,54886773092594
82,92629634333238;55,00181988262857;40,32223736261114
82,92674120838656;55,00212117784457;40,32202290433017
82,92718602124337;55,00242243770864;40,32180537061973
82,9276589385301;55,00274273195231;40,32158463404388
82,92812228824302;55,00305654633381;40,321360625113975
82,92858731017195;55,003371493262556;40,32113784146741
82,9290160180329;55,00366184564324;40,320935315273275
82,9294107117834;55,00392916117563;40,320745815063056
82,92986102185539;55,004234144156705;40,320531691535024
82,93026924471764;55,00451062259505;40,32033301676402
82,93070983561265;55,004809023037225;40,320119728413275
82,93118127337667;55,00512831523965;40,31989269989303
82,93167034010067;55,005459547065705;40,31965737312829
82,93221863144466;55,00583089014458;40,31939581571686
82,93265422060247;55,00612590304377;40,31918770625023
82,93312355987028;55,00644377399082;40,31896392232279
82,93358956099648;55,00675938410368;40,31873975023703
82,93405958454842;55,00707771849806;40,31851435890378
82,93453492450236;55,00739431960935;41,27623106580141
82,9350390434818;55,007728421918344;40,50652709230117
82,93546906192802;55,0080177275222;40,50631916648495
82,93591843205041;55,008320182742345;38,671061965532076
82,93634333433195;55,00862134302752;38,25974718116107
82,93673792539637;55,00890891249892;38,25956148968665
82,93737870396373;55,00912282122886;80,51467756057248
82,93782671670506;55,009078185657245;119,56458513676718
82,93824996436452;55,0088619009313;138,17722280444937
82,93867575905392;55,008584081991145;140,17014343867467
82,93908997521713;55,00829745549246;140,29612017721237
82,93941393985803;55,008073217140655;140,29595285123594
82,93967392905279;55,00789326062333;140,2958445552532
82,93989238765397;55,007733977969224;144,0960110291819
82,94008767057325;55,00756445351285;148,94226191915502
82,94030968277875;55,00721860270397;182,40640037275045
82,939961531711;55,00694359060212;252,0718600395802
82,93945889271376;55,007016178807774;305,2254598527851
82,93886427381875;55,00725884664579;305,6625234206298
82,938151131464;55,00755296448822;305,66272512128467
82,93732162053251;55,007895661768025;305,7269739196571
82,936190946419;55,00836943089338;308,3853719178528
82,93523151431081;55,00876350826073;305,9034278369946
82,93447608087537;55,00907783010799;305,9036280433452
82,93396201619433;55,00929172289136;305,90378675158775
82,9332732489004;55,00957830619309;305,9039813453611
82,93247441233302;55,00991211790651;306,08185083834707
82,93184245080278;55,01016542468542;303,835548642359
82,93128974420064;55,01039803014792;306,33566650615114
82,9304380392685;55,010758075408106;306,33814781645094
82,92954340662193;55,01114051039474;307,03711331071827
82,9288967017724;55,01141176718585;313,9193938440187
82,92835865669888;55,01172455058811;322,195099149447
82,92784482649401;55,012078510288774;311,7115415866098
82,92734301874285;55,012320662849824;310,8321509828032
82,92684252623062;55,01263820770668;353,4235275797806
82,92673524269284;55,01309306317035;347,93873529203404
82,92660545429136;55,01352290636483;355,06863024122123
82,92726855888976;55,013943761010985;82,44477115971198
82,92820290626095;55,01417114412634;47,97463700359038
82,92862049585871;55,014405332299994;50,175046383512566
82,92918500738114;55,01468343513019;48,42131425889755
82,93000786191118;55,015158401945165;41,98443716228289
82,9306269409856;55,01572233219267;27,6632904124507
82,93106245548482;55,016298048172224;20,43679311074139
82,93139464729178;55,01707052691918;7,833624391768694
82,93144514006936;55,017743723965566;1,023134326154576
82,93126154833836;55,018532933742115;348,8945376102994
82,9310723353461;55,01908555389468;348,81448580620247
82,93090593481351;55,019566380270774;348,65808591578514
82,93075252327567;55,02033408222511;356,1979497544339
82,9307472508671;55,020797990003636;3,624048417078882
82,93088783420477;55,021259101771825;14,373178668054734
82,93120720784306;55,02178350311505;22,23796224310877
82,9317271769509;55,022358819335984;33,2329982295479
82,93211586032729;55,02267195778835;35,785263126824695
82,93262756335174;55,02306516211513;37,72074128558851
82,9330811483468;55,02340207624513;37,72050495582647
82,93358455574736;55,02379589589198;35,881402349760364
82,93414092718109;55,02423776065509;35,881098000875035
82,93474884854658;55,02471912812492;36,091798340083535
82,93529881623934;55,02515284064428;36,06596697368413
82,9358955688692;55,02562243599077;36,09933671565621
82,93649142065155;55,026091896895494;36,09444247404421
82,93711986388031;55,02660297849116;35,019721392751734
82,93758193256473;55,02698179155677;35,01947061144738
82,93801278063569;55,02731678050037;37,26162055488863
82,93829014419532;55,0275262255473;37,261486009708975
82,93841264864541;55,02761873211279;37,26142967867216
82,93842129181004;55,02762525881021;37,26142511279416
82,93856112761117;55,02773216219088;36,32683810533538
82,93876421845202;55,02789122521303;36,17770084057541
82,93901006957593;55,0280843468734;36,17757320293613
82,9392376298838;55,02826951395042;35,05726771668929
82,93945482876325;55,02844732252458;35,05714610624623
82,93968022500634;55,02863188934414;35,02321965605199
82,93991627643501;55,02882297377885;34,4072868936454
82,94018494517852;55,029045741779605;34,73433452559291
82,94048299662377;55,02931001788869;31,766357182754895
82,94081372762867;55,02966506286046;25,641729786132487
82,94109203711812;55,03008019661259;19,258726261221454
82,94133155790901;55,0304714356015;19,377689784425883
82,94158058093669;55,03088862583044;18,4193825393463
82,94184703921968;55,03134510132948;19,00884179318234
82,94209878774099;55,03176484976254;19,008654626424345
82,9423810435282;55,03223546394451;19,008446514596073
82,94267708850487;55,03273321216784;18,159371193631557
82,9430037173565;55,033291561413705;19,020216237151658
82,94328137599287;55,0337550761902;18,975679715277522
82,94351089626163;55,034164701514534;15,350699040886752
82,94371973618543;55,03460808485555;10,898744279466058
82,94386299930544;55,0350662830796;8,626739848732726
82,94395212150589;55,035524674442065;3,096922004411425
82,94398299005172;55,03601063551457;358,74362341428406
82,94395106889145;55,03655589887059;356,70543587948384
82,94379500516226;55,03723342857081;351,3917389359889
82,94361253970945;55,037925658153775;351,3918889934562
82,94340879285649;55,038648638120755;350,1665474618882
82,9431670326299;55,03948442260677;351,0944894915895
82,94294538586405;55,040296749500456;351,0946679440784
82,94273383988062;55,041081767838165;350,58000030952326
82,94255796270076;55,04169053157523;350,5801438724201
82,94239495781228;55,04232858140172;352,3935142414098
82,94220523658021;55,04309229453614;351,6077646429551
82,94204261125431;55,04372528234316;351,6078983198324
82,94175803223753;55,0447533114033;351,06296750895694
82,94157086912341;55,045436707754796;351,06310791052334
82,94138880678469;55,046101479435976;351,0632634010443
82,94116129380225;55,047007237352595;352,23832112864864
82,94087129513511;55,04812058369578;351,22544965684034
82,94069370087388;55,04889952213515;351,8737666087605
82,94050472922632;55,04982359993542;354,3534915991472
82,94036447081183;55,05060765275731;355,54869059980797
82,94020004580236;55,05159589633476;352,82639868286424
82,93999529556018;55,052410492215756;350,91624155456316
82,9396947075998;55,053306349584524;346,5720838021018
82,93939641033646;55,05404709276855;347,10799855695154
82,93931713001618;55,054245938124716;347,1080697570568
82,93910795503996;55,05474007534399;346,58144051825536
82,93884061184966;55,05538335422128;346,58164540147925
82,93862382762092;55,05590497856157;346,58181021391636
82,93847571706567;55,05626136090133;346,58192821776066
82,93830609918737;55,056669493976244;346,5820580382454
82,93797991539248;55,05746449648597;347,4082982714577
82,9376639366376;55,05830433024572;347,55735194411966
82,93745913993143;55,05883710964667;347,5575246264974
82,93718085610233;55,05956106607428;347,55773707884003
82,93684846204238;55,0604257904709;347,55798076275875
82,93656775519001;55,06115247071561;347,2965869224
82,93627263767658;55,06190965638804;347,61103000464936
82,93607814959601;55,06238304518918;346,3658730329598
82,9360195285018;55,06252175765494;346,36592033357283
82,93586304486227;55,062879308077086;344,9505700611304
82,93569826870427;55,06326834976215;348,0102269874046
82,93553452774738;55,06371086487983;348,0103567456686
82,93537224904547;55,064149945919965;348,0663344375784
82,93522699480752;55,06454439187279;348,06644507211064
82,93509755444477;55,064895894368966;348,0665512086413
82,93493248968194;55,0653450192314;348,1929710611161
82,9349287944628;55,065913835427835;61,24067497762998
82,93553098859141;55,066179144625686;49,203970289387485
82,9361373594659;55,06649025099751;47,67366931966905
82,93675821837039;55,06681476304816;47,673432822922365
82,93740828654997;55,067151203246986;48,16914680485098
82,9380359779778;55,067473626384036;48,168926996626794
82,93866520841979;55,06779664591296;48,22248534358177
82,93929208099364;55,06811804054312;48,22225637859608
82,93996712631369;55,0684643780273;48,19359339932558
82,94060662191619;55,068793958419356;48,12285448243288
82,94120324086235;55,06910090671881;48,12263240687723
82,94176538559603;55,069390118737914;48,12242856934971
82,94254625500487;55,069794208872175;47,54508819315202
82,94321931261585;55,07013700557714;48,149753117167805
82,94399337957653;55,07053485784733;48,149467033683955
82,94459615549276;55,07085142821917;47,22720997890179
82,94516064834403;55,07115109726367;47,22699598411209
82,94573489644873;55,07145539451965;47,34893974681592
82,94625266008568;55,07172908323179;47,348773173207306
82,94689709735648;55,07207030380977;47,249451542756034
82,9476621968979;55,07245505623701;47,81885931454699
82,9483143772125;55,07279415747291;47,818632844404696
82,94902010237641;55,07315857005917;47,97372828472571
82,94968606094919;55,07350300538325;47,93858685038693
82,95030560198653;55,07382377709792;47,93836081930714
82,95072286295867;55,07403985486206;47,8963354895704
82,95144892649652;55,07440906664385;48,34453746147619
82,9520479288419;55,07471452555999;48,35963215877734
82,9526356692661;55,07501435662833;48,35941494280333
82,95325447075176;55,07532965207444;48,416011847878
82,95377557340146;55,07559495798547;48,41582695234854
82,95424536324674;55,07583620800465;47,79291218852772
82,9546370223859;55,076040019460656;47,792747682757984
82,95522936951727;55,0763479255799;47,9266778353106
82,95580471356679;55,076645917236576;47,926462872753916
82,95625355884151;55,076878390566414;47,92630759377919
82,95682272728183;55,07717251841796;48,1475067120275
82,95752733592445;55,077534635348414;48,14724797775092
82,95812105095607;55,077840281126264;48,258021841945606
82,95893094451228;55,07825603114876;48,12973249775019
82,95952005655568;55,07855897214443;48,12953622512322
82,96011529646742;55,07886557237165;48,08174848165913
82,9607887078251;55,07921370939557;47,787909694460794
82,96152684210074;55,079593236093366;47,9595689045893
82,96210946651117;55,07989462587288;47,959331349457045
82,96284761694392;55,08027719790101;47,76982840725416
82,96373558926905;55,08073944395713;47,81689489356946
82,96444841055306;55,08111002382955;47,81664234386282
82,96487132027167;55,081326816818525;48,17545257019706
82,96520695844794;55,08150489172347;46,581015503705196
82,96575531517078;55,08179558395972;47,63533854217711
82,96639561723707;55,08213058014137;47,635072270752545
82,96705344478637;55,082472856548705;47,85219624040873
82,96751062371492;55,08280055053313;315,17822587516844
