82,90558099999998;54,98866199999471;224,63008377261534
82,90550290790465;54,988616512542045;224,63013187595942
82,90538619472414;54,98854852889722;224,6301833655099
82,9052562675157;54,9884728482829;224,6302350469005
82,90513865107307;54,988404338501674;224,63026974534944
82,90499396925968;54,988318309210996;223,7460546626752
82,90485491636261;54,98823477272482;223,74611610756656
82,90470831479018;54,98814670134703;223,74617619079712
82,90457567072296;54,988067014986505;223,74620823859755
82,90441547528575;54,98797238896615;224,63483864003078
82,90424990644036;54,98787596189915;224,6349054775513
82,90409530280824;54,98778592095724;224,63497007254995
82,90394047996234;54,987695752345545;224,6350357571426
82,90378062720274;54,98760265431903;224,63510121955377
82,90362687616073;54,987513109924414;224,63516630729538
82,90346880647104;54,98742105035535;224,63521868627197
82,90330701966066;54,987325600910964;223,77515358421786
82,90316856177817;54,987242504342696;223,77521814599018
82,90300663114809;54,98714532042353;223,77528484101518
82,90285824180066;54,9870562634098;223,77535109126532
82,9026984031887;54,98696033503149;223,77541463693922
82,90256254981398;54,98687880157867;223,77547835602707
82,90240196512698;54,986782425437674;223,77554300158107
82,9022617834363;54,98669829431258;223,77560423394348
82,90211701903176;54,986611412836346;223,77563729708774
82,90197218304037;54,98652325058887;223,3444840030232
82,90195699999998;54,986513999994735;134,59704948770874
82,9019628461286;54,98651068517954;134,59701007113145
82,90239448834228;54,98626894005486;133,96759422843743
82,90250812009428;54,98620590994241;133,96756629496107
82,9026255410424;54,986140158549176;134,31853715255045
82,9027392105037;54,98607632981942;134,31849021598046
82,90285886194724;54,98600914203152;134,31842109665183
82,90308665691846;54,98588122848732;134,3183512574763
82,90320198397588;54,98581646896884;134,3183049735533
82,90331669999175;54,985752052568046;134,31827075201141
82,90342228094191;54,98569268645462;134,39857725334952
82,90353938761606;54,98562655311146;134,5480525009006
82,90364769407718;54,98556524577956;134,5480082436368
82,90375755412745;54,985503059031956;134,54796356889645
82,9038678771593;54,98544061021166;134,54792198640257
82,90396266001619;54,985386957973304;134,54788401997322
82,90405487764542;54,98533475779299;134,54784574327255
82,90415137961298;54,985280132444785;134,54781009112082
82,90423068488764;54,98523524135755;134,54777774122374
82,90431080000113;54,98518989185761;134,5477401092133
82,9044162147604;54,985130221385816;134,54769478640299
82,90453424153146;54,98506341183124;134,54765383407351
82,90465244616101;54,9849964963601;134,55529283478032
82,90477789462034;54,98492546664755;134,55524384678947
82,9048939018345;54,98485978262784;134,55519637936646
82,90501188671637;54,98479297884012;134,5551514666563
82,90511516567767;54,98473450163783;134,55510937279226
82,90521939812524;54,98467548456555;134,55506771861133
82,90532033974281;54,984618330782105;134,55502449515456
82,90543248249439;54,984554834845596;134,55499568027471
82,90546234037195;54,98453792912613;134,55497360582956
82,90554130121456;54,98449322099672;134,5549379310037
82,90563808230822;54,984438422928264;134,55489861995807
82,90573511609959;54,98438348178074;134,55485581512806
82,90595840599516;54,9842575156338;134,34036495273122
82,90596999999997;54,98425099999475;44,07696157952385
82,90601993093111;54,98428065440561;44,076924243191904
82,90614549473905;54,98435522783467;44,07689291629468
82,90626108338867;54,984423618351556;44,2096454610207
82,90637422894063;54,98449050550109;44,209598938595875
82,90648076553428;54,984553485697354;44,20955232491301
82,90659438310752;54,98462065188704;44,209503366974786
82,90671186582843;54,98469010299831;44,20945415786548
82,90682676795431;54,984758028564436;44,20940446161586
82,90694651155482;54,98482881621776;44,209352503438204
82,90707888636769;54,98490712818618;43,809506246775705
82,90719341188063;54,98497578313797;43,809457029026376
82,90730827878822;54,98504464274658;43,80940916138538
82,9074162977509;54,9851093971972;43,8093394856209
82,90765464133457;54,98525227773815;43,80926055198743
82,90776224490426;54,98531678317187;43,80921374696299
82,90787257585333;54,98538292359591;43,80916727310504
82,90797881457972;54,985446610842935;43,80912085974158
82,90808870244895;54,98551248565257;43,809075206558255
82,90819153596615;54,985574131568654;43,8090308610744
82,90829521646523;54,98563628522752;43,80898537738922
82,90840342982388;54,98570115621327;43,80893893128078
82,90851155541706;54,985765974585995;43,80889887843684
82,90862480437934;54,985833889813335;43,77383823402695
82,90873111735954;54,98589769956693;43,77379195043094
82,90884013214541;54,98596313096217;43,773746581265456
82,90894212786769;54,98602434946907;43,77370159549454
82,9090495293362;54,986088812540544;43,773673212746075
82,90916091003838;54,9861538086579;44,81071853829734
82,90926245220884;54,98621258726332;44,810675896009094
82,90936652910514;54,98627283311771;44,81065325421861
82,90947404164163;54,98633842919785;43,22607780909953
82,90977798643428;54,986501818869215;59,17475523409064
82,91007901273986;54,98657126247426;98,43476649230165
82,91025740394879;54,98655605082082;98,4347647736165
82,9104327149065;54,98654750035065;94,8357195723645
82,91062300800773;54,986537891155784;95,02894658615502
82,91079202773514;54,986529338350316;95,02894552841133
82,91095687501864;54,98652099668055;95,02894443815129
82,91113753638881;54,98651185477989;95,02894339515497
82,91128357292699;54,98650446497916;95,02894243129185
82,91144730586933;54,98649617969773;95,02894143605693
82,91159039828796;54,98648893887657;95,02894050481798
82,91175175888168;54,986480773641674;95,02893948947636
82,91190010647286;54,98647326689612;95,02893852146649
82,91206260311355;54,98646504417453;95,0289375558976
82,91220269508887;54,98645795518301;95,02893665744422
82,91234811280835;54,986450596696;95,02893572950791
82,91249587920414;54,98644311936031;95,02893483791567
82,91262696606506;54,98643648604928;95,02893399307686
82,91276385879446;54,98642955894732;95,0289331660126
82,9128917403244;54,98642308783374;95,02893258658001
82,91300747899133;54,98641717539789;95,10297231751723
82,91311072454442;54,986411873599224;95,10297181412442
82,91317019085277;54,98640881992391;95,10297114704181
82,91330147791848;54,986402078155685;95,10297051816683
82,91351753306931;54,986391405769076;94,90831340970057
82,91367577399326;54,98638585196755;93,18147648919854
82,91376500000001;54,98638299999472;5,111573540271266
82,91377613943345;54,9864546106383;5,111564953550115
82,91378830443611;54,98658994961082;1,0551346876859071
82,91379278429152;54,98672982065174;1,0551313587415905
82,91379638359447;54,98684219888819;1,0551285807422488
82,91379998133212;54,98696603743953;0,5975672441620787
82,91380231131936;54,987094497403255;0,5975655392112031
82,91380412646184;54,98719457225881;0,5975639352861037
82,91380619458802;54,987308594950036;0,5975627524449436
82,91380827898584;54,98740970170242;0,7431175330912936
82,91380959868562;54,98750058108271;359,09328722465693
82,91380736421266;54,9875817669336;359,09328829645625
82,91380551715028;54,987670131045554;359,3497678756331
82,91380396424792;54,98774881143234;359,3497691467494
82,91380244443714;54,98782581517934;359,3497703567135
82,91380098274738;54,98789972593101;359,21704651763616
82,91379939526036;54,98796652250064;359,21704777641617
82,9137979254404;54,988028368002496;359,21704898509995
82,91379641462457;54,98809193848265;359,2170504365733
82,91379444322442;54,988174888936015;359,2170521443985
82,91379228256964;54,988265802641116;359,2170541138048
82,9137896524502;54,98837646997458;359,2170558834446
82,91378847210683;54,9885177602305;0,2167477183684383
82,91378899917305;54,98859808054137;359,66175198727865
82,9137880677783;54,98868879838934;359,6617527743231
82,91378708993025;54,98878404078681;359,66175352332493
82,91378626081608;54,988864796506846;359,6617541709634
82,91378549121997;54,98893975516699;359,6617551134266
82,91378389378289;54,98909540926845;359,6638270322079
82,91378296913061;54,989186025192474;359,6638278118398
82,91378199473075;54,98928147874135;359,63740074858526
82,91378089855307;54,989381074312774;359,63740166096704
82,9137798014742;54,98948075176617;359,63740257672555
82,91377865215946;54,989585175218906;359,63740350906915
82,91377754563025;54,98968571130108;359,63740437616815
82,9137765418844;54,989776908781515;359,63740518085126
82,91377560012344;54,98986247449133;359,6374058240492
82,91377454641015;54,989966554683285;359,69845029121444
82,91377369991585;54,990059034184185;359,69845093312694
82,91377227928834;54,990156500731146;358,86954585894097
82,91376906849338;54,99025005972881;358,8695485968264
82,91376560264507;54,99035105069725;358,8695514864903
82,91376208247588;54,990453624516384;358,86955546969455
82,91375539468919;54,99064849918993;358,8695586106401
82,91375115048764;54,990756237803176;358,68247417888
82,91374684356748;54,99086391080744;358,6824776055861
82,9137428252679;54,99096436829694;358,68248076734955
82,91373919073568;54,991055231603006;358,6824840377565
82,91373485137045;54,991163715733386;358,6824877153128
82,91373028911441;54,991277772134325;358,6824913000973
82,91372615049332;54,99138123766163;358,68249450408797
82,91372249894111;54,99147252646663;358,6824970550596
82,91371683949829;54,991590506306174;358,12489833027274
82,91370468326282;54,99180400019136;358,12490650485734
82,91369892623138;54,99190510805604;358,12491148998384
82,91369257502171;54,992016651175355;358,12491599798796
82,91368652242275;54,992125073962285;358,2666952361569
82,91368746401062;54,99223167073073;3,701772943479696
82,91369923238913;54,99233625386812;3,701763896240138
82,91371289454537;54,99243970352557;9,086385437293174
82,91374369070368;54,99255041698733;9,086372476736855
82,91375408275482;54,992587776840544;9,08636150779256
82,91376224478742;54,99261711968504;9,086357986124497
82,91376999999999;54,99264499999472;13,089281605271452
82,9137705489138;54,992646357356016;13,08927921959733
82,91377486690665;54,992657034945914;13,08927365803521
82,91378482595975;54,992681661824285;13,089255691607079
82,91382082685682;54,99277068531912;13,089233859533039
82,91384063659856;54,99281967111077;13,089220551852236
82,9138548368815;54,9928547857584;13,089208274046314
82,9138720186936;54,99289727317089;13,089200140764675
82,9138826524527;54,99292240184778;14,01284413937681
82,9138969382652;54,99295531346643;14,012832950879542
82,91391144990502;54,9929887453455;14,012820250522353
82,91392966236194;54,99303070315767;14,012806912667699
82,91394586746566;54,99306803643452;14,012793026873439
82,91396541249183;54,9931130642164;14,01278189536984
82,91398716302258;54,9931565458222;17,896445376885737
82,91400847023067;54,993194482154955;17,89642875906273
82,91403164579162;54,99323574498906;17,89641154517537
82,91405462928991;54,99327666586591;17,89639383523749
82,9140790044712;54,993320064559256;17,896375857274563
82,91410287413407;54,99336256320426;17,896360440899116
82,91413151792875;54,9934102717963;21,11996040811495
82,91416158324274;54,99345502265443;21,11994006778498
82,91418822462973;54,993494677152285;21,119922271016193
82,91421120129112;54,99352887687206;21,119907537914955
82,91422925082631;54,993555742787706;21,11989125795543
82,91425662829938;54,99359649291634;21,11987981409456
82,91429220901979;54,993637573289575;27,42899609299115
82,91432601050006;54,993675018507425;27,42897316242709
82,9143628623775;54,9937158429496;27,428951779199842
82,91439180849449;54,99374790940489;27,428937653164567
82,91442129244882;54,99377691795989;33,65498459259025
82,91446444373541;54,993814181313894;33,654961929435984
82,91450059902188;54,993845403262206;33,65493609995342
82,91455483214027;54,993892236347634;33,65491211415289
82,91459517998396;54,99392483763055;41,47672226106829
82,91463527806891;54,993950916563975;41,47670174598299
82,91468382555989;54,99398249080965;41,47667808446272
82,91473746626548;54,99401737757277;41,47665470463252
82,91478488263027;54,99404821615827;41,47663247412622
82,9148335743628;54,99407988421555;41,47660848388606
82,91488851842416;54,99411561865325;41,47658582693971
82,91493139512815;54,99414350474084;41,47656620241279
82,91497340505495;54,994170827095154;41,47654438254206
82,91502560493286;54,9942047767749;41,47652228072638
82,91507769646002;54,99423869152858;41,29845635013711
82,91513441954145;54,99427581483372;41,29843449513327
82,91517164082524;54,9943001748833;41,29841716123998
82,91520902138001;54,99432463917024;41,29839622668638
82,91526151986125;54,99435899761989;41,29837195791492
82,9153133035839;54,99439288828464;41,29834850454943
82,9153623852907;54,99442501057297;41,298324158843144
82,91541789002697;54,994461336513105;41,298297882088036
82,91547528267463;54,99449889802629;41,2982710204675
82,91553331389892;54,994536877465904;41,298242351800404
82,91559845707397;54,994579511432605;41,29820011095502
82,91571489807102;54,99465571805879;41,29815666807226
82,91578511631407;54,99470167348286;41,29812372510273
82,91585649652826;54,99474838937708;41,2980896519839
82,91593153874018;54,99479750192278;41,29806099629178
82,9160063749598;54,99484713179087;40,26009631566296
82,91608522219519;54,99490065980896;40,260059624561606
82,91615930652316;54,99495095437193;40,2600231175066
82,91623720864668;54,995003840769975;40,25998814137214
82,91630496113454;54,99504983675675;40,25995494831703
82,91637553870041;54,995097750639864;40,25992234350237
82,91644071427027;54,99514199720178;40,259902593284615
82,91645754131717;54,99515342079156;40,25988398000557
82,91651854642674;54,99519483610044;40,25985399901228
82,9165823519999;54,995238152595384;40,25982378157946
82,91664446809263;54,99528032213141;40,25979334465584
82,91670902465793;54,99532414846188;40,25976297822119
82,91677102450073;54,995366239077875;40,259732141143765
82,91683739284342;54,99541129539255;40,25970086342042
82,91690135176255;54,9954547159914;40,259668857391084
82,91697071895724;54,995501808174566;40,25963575794291
82,91703916785913;54,99554827694471;40,2595861847819
82,91717722436314;54,995642001106454;40,2595310377089
82,91726882424443;54,99570418667425;40,259506332469286
82,91732193650459;54,995740106364956;40,3972218534639
82,91738067287348;54,99577978762193;40,39719222720666
82,91744577444075;54,995823769094905;40,397160477960824
82,91751352976169;54,99586954339713;40,39712830768298
82,91758022170674;54,99591459930136;40,397094840387815
82,9176536205949;54,995964186298266;40,39706039005124
82,91772420529844;54,99601187208158;40,39702615190609
82,91779680297608;54,99606091779478;40,39699100160931
82,9178712148795;54,99611118916698;40,39695573779076
82,91794423524553;54,99616052044101;40,39691937531207
82,91802334862486;54,99621396804758;40,396893385082784
82,91809936114184;54,99626544776228;40,2824514095858
82,91818110877499;54,99632089895398;40,282428164924895
82,91826265979067;54,99637601777265;40,40706791809269
82,9183478364568;54,99643354066915;40,40704565209513
82,91843245373423;54,99649155373829;39,94049955938161
82,91851300264922;54,996546857321164;39,940460514742114
82,91859366430138;54,99660223830749;39,940420688732715
82,91867727390799;54,9966596433117;39,940381161618916
82,91875667627681;54,99671415969453;39,94034157654078
82,91884071749743;54,996771861037935;39,94030079307809
82,91892488585708;54,996829649672975;39,94026070978378
82,91900614724929;54,996885442431164;39,94022036665249
82,91909133607584;54,99694393170225;39,94018006151119
82,91917244047315;54,99699961667029;39,940129953832475
82,91929806530747;54,99708586865063;39,94007999905875
82,91938605304222;54,99714629195016;39,87236672543695
82,91945893098091;54,99719644899992;39,87233084937361
82,91953383261422;54,99724799882439;39,87229191442698
82,9196192039344;54,99730675423973;39,872250536460136
82,91970425429014;54,9973652887565;39,872207154454664
82,91979790745299;54,99742974401457;39,872161670320025
82,91989149663618;54,997494155239735;39,872114585842894
82,91999175654844;54,997563157485125;39,87206652238015
82,92008944777012;54,99763039187119;39,872017916828725
82,92019192277888;54,99770091862052;39,871969094443315
82,92029045780042;54,99776873373806;39,871919909822395
82,92039445832718;54,99784031040021;39,87189305894756
82,9204970525248;54,997909813631;40,34723024626685
82,92059956454919;54,99797918771193;40,347180369747186
82,92070531031148;54,998050750195596;40,34712983060225
82,92081058077021;54,99812199102192;40,347080624403624
82,92091086671164;54,99818985862138;40,34703155700824
82,92101539642384;54,998260598154204;40,34698262501217
82,92111518796007;54,998328131169515;40,34693319505137
82,92122183689683;54,99840030486827;40,346883031588
82,92132464088279;54,99846987653154;40,3468335591585
82,92142839043696;54,9985400880995;40,34678218624018
82,9215391997196;54,99861507727455;40,34672889243809
82,92165089965654;54,998690669191795;40,34667610405059
82,9217596333167;54,998764253708174;40,34661889253476
82,92188981990915;54,99885235630155;40,3465472205917
82,92205887444548;54,99896676242273;40,34649061444977
82,92215026124622;54,99902827545184;40,92862683697668
82,92223877590207;54,9990869579193;40,92858237188574
82,92233910269918;54,99915347146957;40,92853513470448
82,92243956128763;54,99922007239335;40,92848579456416
82,92254870843344;54,999292433560825;40,92843455605475
82,92265726624937;54,9993644040209;40,92838169703295
82,92277336083419;54,99944137112459;40,92833999345794
82,92288787352457;54,99951831814954;40,11843305003209
82,92299629498453;54,99959228502417;40,11838101962072
82,92310364858012;54,99966552338447;40,11832833961103
82,92321481575337;54,99974136342913;40,11827614563674
82,92332010705701;54,99981319486045;40,11822421531146
82,92343024772345;54,999888334605565;40,11817217928311
82,92353584772081;54,99996037663277;40,11811998469407
82,9236467694563;55,00003604923584;40,11806641054193
82,92375802301078;55,00011194821118;40,11803416184856
82,92386058767296;55,00018225838969;39,94300849147187
82,92395859532598;55,000249536647274;39,942962493540904
82,92405040540065;55,00031256052002;39,94292089934159
82,92413020857684;55,000367342146546;39,94288578195134
82,92419531999974;55,00041203848347;39,94286649818997
82,92420971169216;55,00042191779349;39,94284774657317
82,92427275114461;55,00046519180721;39,94281823230922
82,92433149887407;55,00050551972805;39,94279040928875
82,92438753556357;55,000543986630525;39,94274831142245
82,92450524157739;55,00062478700959;39,94270355480817
82,92457217938299;55,00067073708377;39,94267556511405
82,92462077792706;55,00070409800269;39,942653458211744
82,9246632557928;55,000733257325514;39,942633667294245
82,92470249694716;55,00076019477796;39,94261336955708
82,92474704984812;55,00079077852784;39,94259029190747
82,92479779340363;55,00082561190963;39,9425653450937
82,92484988136077;55,000861368168344;39,94253969020877
82,92490361903758;55,00089825689237;39,94251302150988
82,92496001643549;55,00093697140644;39,942485005272864
82,92501919167285;55,00097759279404;39,94243724578039
82,9251570541364;55,001072229753994;39,942388776922044
82,92521922090003;55,00111490470239;39,94236084036386
82,92527230042498;55,00115134163197;39,94234550778964
82,92533833782335;55,00119454109068;41,54910861316958
82,92541094369604;55,00124163375421;41,549072803507656
82,92549333180689;55,00129507124407;41,54903754684995
82,9255635546491;55,00134061825785;41,54900349344445
82,92564089379607;55,001390780955326;41,5489688529594
82,92571351493585;55,00143788352122;41,54893543267233
82,92578571510481;55,00148471304255;41,548900569486655
82,92586434142208;55,0015357106075;41,54886773092594
82,92594124118325;55,001585486056925;41,889729073710214
82,92602856836622;55,00164145264932;41,88969075018173
82,92612098650653;55,00170111813534;40,322321646296345
82,9262060987166;55,00175876236133;40,32227961312545
82,92629634333238;55,00181988262857;40,32223736261114
82,92638235529607;55,00187813623364;40,32219433002329
82,9264759087054;55,00194149745839;40,322151360927684
82,92656166591611;55,00199957852606;40,322108470666564
82,92665482590296;55,002062673296265;40,322065444696385
82,92674120838656;55,00212117784457;40,32202290433017
82,92683232659942;55,00218288977579;40,32198065765455
82,92691747787231;55,00224056045798;40,32193862639995
82,92700767618376;55,002301649364554;40,32189561582599
82,92709695035663;55,00236211237676;40,32185288735865
82,92718602124337;55,00242243770864;40,32180537061973
82,92729511294091;55,00249632260088;40,321748060013796
82,92742520320988;55,00258442926447;40,32169971190968
82,92749676918302;55,00263289898612;40,321663201658396
82,92757755608669;55,00268761379764;40,3216243437253
82,9276589385301;55,00274273195231;40,32158463404388
82,92774463569701;55,002800772353936;40,321541397722605
82,92783791434775;55,00286394749201;40,32149699867542
82,92792989257566;55,00292624188844;40,32145175234753
82,92802668592473;55,002991797437794;40,321405642969005
82,92812228824302;55,00305654633381;40,321360625113975
82,92821445627244;55,003118969277764;40,32131521572116
82,92831184299398;55,00318492670241;40,321269705033906
82,92840426474143;55,00324752148279;40,32122479689346
82,92849922853962;55,00331183792622;40,321180935852965
82,92858731017195;55,003371493262556;40,32113784146741
82,92867900575834;55,00343359623342;40,32109554474468
82,92876371139917;55,00349096510096;40,32105420568978
82,92885159140125;55,0035504838785;40,32101376161045
82,92893235249235;55,00360518120788;40,32097436932316
82,9290160180329;55,00366184564324;40,320935315273275
82,92909525520854;55,00371551086535;40,32089638328604
82,92917845368773;55,00377185897254;40,32085812236411
82,92925492794471;55,00382365294367;40,32082064148166
82,92933478199197;55,003877735956465;40,32079128204445
82,9294107117834;55,00392916117563;40,320745815063056
82,92949120552267;55,003983677434725;40,32070746549412
82,9295706926784;55,0040375119617;40,320659651873406
82,92969070528315;55,00411879329259;40,3206061887856
82,92979376575285;55,004188593395305;40,32056536792152
82,92986102185539;55,004234144156705;40,320531691535024
82,92993422775444;55,00428372455634;40,32049481036856
82,93001489202406;55,0043383563111;40,32045629216436
82,93009501510646;55,004392621534166;40,32041646020022
82,93018095380873;55,00445082552127;40,32037472428527
82,93026924471764;55,00451062259505;40,32033301676402
82,93035487805238;55,004568619764854;40,32029181477851
82,93044117072773;55,00462706348845;40,32024870494371
82,93053476962562;55,00469045552134;40,32020636772174
82,93061777942957;55,004746675843826;40,320164404557985
82,93070983561265;55,004809023037225;40,320119728413275
82,93080417820465;55,00487291875429;40,320075574939665
82,93089403544931;55,00493377666543;40,32003163109264
82,9309875452208;55,004997108335395;40,32000343406308
82,93108613531928;55,00506388077513;40,31993914731202
82,93118127337667;55,00512831523965;40,31989269989303
82,93127989277;55,00519510752;40,31984593588146
82,93137639845506;55,0052604682422;40,31979913549669
82,93147512794141;55,005327335085596;40,319751421040756
82,9315754408826;55,005395274360666;40,31970463748917
82,93167034010067;55,005459547065705;40,31965737312829
82,93177264046336;55,00552883236824;40,319610049343225
82,93186771759335;55,00559322556827;40,319564109795216
82,93196434941908;55,00565867172217;40,31951631271918
82,93206712414855;55,00572827830065;40,31945535472688
82,93221863144466;55,00583089014458;40,31939581571686
82,93231551964273;55,00589650993263;40,319353508423205
82,9323950954987;55,00595040453393;40,319314921198085
82,93247658002349;55,00600559182557;40,3192739972367
82,93256575269942;55,00606598609661;40,31923344297592
82,93265422060247;55,00612590304377;40,31918770625023
82,93274809082908;55,00618947884042;40,319142286620526
82,93284378185983;55,006254287819;40,31909848928839
82,93293079839502;55,006313221793505;40,31905365615711
82,93303079747001;55,00638094849538;40,31900743734976
82,93312355987028;55,00644377399082;40,31896392232279
82,9332124158309;55,006503953759015;40,31891829273803
82,93331394249842;55,00657271505849;40,31887295857569
82,93340143287683;55,00663196995437;40,318827512651026
82,93350363846358;55,006701191067684;40,31878240350171
82,93358956099648;55,00675938410368;40,31873975023703
82,93368157734054;55,00682170431516;40,31869395698748
82,93378063788523;55,006888795375524;40,31864798159085
82,93387337883185;55,006951606340955;40,3186036886954
82,93396534793405;55,0070138945568;40,31855906692435
82,93405958454842;55,00707771849806;40,31851435890378
82,93415184109546;55,00714020139259;40,31847011826809
82,93424411751329;55,00720269774511;40,31843941782752
82,93434321708483;55,00726879689545;41,276320692833735
82,93444015283394;55,007332266731204;41,27627605190575
82,93453492450236;55,00739431960935;41,27623106580141
82,93463330264184;55,007458733867345;41,2761977486768
82,93472841863057;55,00752098060269;41,303342341874846
82,93488351764053;55,007623788040846;40,506599917675295
82,93496539507136;55,00767887311867;40,50656284309004
82,9350390434818;55,007728421918344;40,50652709230117
82,93511542439684;55,007779809078464;40,50648765508436
82,93520443876835;55,00783969571061;40,50644687634661
82,93528654746936;55,007894936381156;40,50640526810895
82,93537894269203;55,007957097564976;40,50636175210147
82,93546906192802;55,0080177275222;40,50631916648495
82,93555763519619;55,008077317391106;40,506293913922555
82,93564518636647;55,008136949096574;40,07297438697203
82,93573752918802;55,008200034786526;40,07294256382336
82,93582680234155;55,00825971686145;41,18154706200845
82,93591843205041;55,008320182742345;38,671061965532076
82,93600242113844;55,00838049705387;38,6710256273413
82,93609177562189;55,00844464815088;38,69291987459285
82,93617904058137;55,00850726575537;38,69289420554273
82,93626712890544;55,00856645890795;40,935492698034466
82,93634333433195;55,00862134302752;38,25974718116107
82,93642417903277;55,00868026090473;38,25970742717661
82,93649967628393;55,008735281675776;38,25966813595257
82,93657876398943;55,00879291909261;38,25962875510737
82,93665459271763;55,00884818143696;38,25958828037465
82,93673792539637;55,00890891249892;38,25956148968665
82,93684062897084;55,008959416445265;53,398346014479614
82,93694206657003;55,009002715052205;53,39832135382207
82,937059928805;55,00904963868012;57,90308815811539
82,93718842939894;55,009088915001996;63,4811453226328
82,93737870396373;55,00912282122886;80,51467756057248
82,93746621868809;55,00912446638603;89,70299998584524
82,93754744303627;55,00911925169427;97,43863213475639
82,93764012313551;55,00911229727784;97,43863190560133
82,93773148421172;55,00910031236362;110,793037480616
82,93782671670506;55,009078185657245;119,56458513676718
82,93792135008002;55,0090451061945;124,66594047033345
82,93800689908463;55,00900735035867;131,88844199586242
82,93809412818914;55,008961990832574;138,1772950661441
82,93816987434559;55,00891334086217;138,17725939142957
82,93824996436452;55,0088619009313;138,17722280444937
82,93832959194253;55,00881075801534;138,17718499182624
82,93841513294599;55,008755817045646;138,17714574568842
82,93850097444772;55,00870068307298;138,1771073058275
82,93859127247885;55,00864229963114;140,17017040171584
82,93867575905392;55,008584081991145;140,17014343867467
82,93876096028303;55,00852518950176;140,29627795240222
82,93884771898179;55,00846513780117;140,2962363027922
82,93893155434851;55,00840710954104;140,29619660941728
82,93901040902006;55,008352528764775;140,2961579315742
82,93908997521713;55,00829745549246;140,29612017721237
82,93916509329951;55,00824546106821;140,29608256207274
82,93924408758099;55,008190783658264;140,29604567692903
82,93931629443317;55,008140804297916;140,29601008626577
82,93938981119824;55,00808991825622;140,2959862888929
82,93941393985803;55,008073217140655;140,29595285123594
82,93952668778813;55,00799517649419;140,29591401041705
82,93957313642008;55,00796302618099;140,29589396758234
82,93960878087009;55,00793835418993;140,29587822939274
82,93963766351825;55,00791836250996;140,29586230231962
82,93967392905279;55,00789326062333;140,2958445552532
82,93971047470113;55,007867964850554;140,2958246808806
82,93975535847028;55,00783689768719;140,2958088853925
82,93977528575391;55,00782310463485;140,2957947777701
82,9398264378789;55,00778633231146;144,09603683496846
82,93989238765397;55,007733977969224;144,0960110291819
82,93992176425394;55,00771065730486;144,09599455065003
82,93995339184073;55,00768554969075;144,0959740977721
82,94000121544073;55,007646961780594;148,94232000222019
82,94004516448742;55,00760501910343;148,94229382652335
82,94008767057325;55,00756445351285;148,94226191915502
82,9401726496344;55,007479434724566;153,09500623391492
82,94022060208187;55,00742512226828;153,09497414329718
82,94027046444482;55,00736864658144;153,09494518313267
82,94030999776959;55,00730280822313;178,51973901460437
82,94030968277875;55,00721860270397;182,40640037275045
82,94030463554775;55,007189246346066;189,9960062267943
82,94029457418897;55,007157417116936;193,66353707467954
82,94022690990391;55,007055416607884;211,8398978701852
82,9400968922419;55,00698304902097;240,31977526331812
82,939961531711;55,00694359060212;252,0718600395802
82,93988174246981;55,00693269621878;258,91425938156556
82,93987663663387;55,00693243771014;268,15455599616985
82,93975812022587;55,00693322276253;273,6116670535255
82,93957369887563;55,006969587950955;305,22542830613315
82,93945889271376;55,007016178807774;305,2254598527851
82,9393435697236;55,00706297940482;305,2254915065099
82,93922814576959;55,00710982097519;305,2255243250927
82,93910442934514;55,007160027811835;305,2255459744086
82,93900146404059;55,00720226594802;305,6624828305927
82,93886427381875;55,00725884664579;305,6625234206298
82,93871183680368;55,00732171550456;305,66256305244985
82,93858153054238;55,00737545708389;305,6626004599716
82,93844482200336;55,00743183912353;305,66264048109736
82,9382961706047;55,00749314669891;305,6626816260625
82,938151131464;55,00755296448822;305,66272512128467
82,93798585278509;55,0076211295721;305,6627701375628
82,93782991189096;55,0076854435187;305,66280544677943
82,93767003854788;55,007751626215935;305,72687438480204
82,93749458657027;55,00782415783413;305,7269233697989
82,93732162053251;55,007895661768025;305,7269739196571
82,93713506419874;55,00797278391254;305,72700637780633
82,93694650646674;55,008050532527044;305,6356253110843
82,93675555248427;55,00812920714921;305,635672686578
82,9363821095376;55,0082828448034;305,57042478668313
82,936190946419;55,00836943089338;308,3853719178528
82,936063;55,0084239999947;304,39450948965634
82,9358118252786;55,00852205162558;305,9032690583228
82,93561981818411;55,00860194221793;305,9033196587035
82,93545501021525;55,008670515758354;305,9033747121824
82,93523151431081;55,00876350826073;305,9034278369946
82,93508037135027;55,00882639604451;305,90347158195334
82,93492297702787;55,00889188490408;305,9035180063499
82,93475308057593;55,00896257566799;305,9035646722316
82,93459380809496;55,0090288459945;305,90360395906214
82,93447608087537;55,00907783010799;305,9036280433452
82,93437367471545;55,00912043941261;305,9036659098416
82,93425920161162;55,00916806954884;305,9036957738221
82,93416314142489;55,009208038411636;305,90373142804776
82,93400787910699;55,00927264018368;305,9037599182325
82,93396201619433;55,00929172289136;305,90378675158775
82,93381877634478;55,009351322337196;305,90382852541245
82,93366743574809;55,00941429235371;305,903867652132
82,93354284494878;55,009466132275485;305,90390480862334
82,93340543305206;55,00952330681818;305,90394303860205
82,9332732489004;55,00957830619309;305,9039813453611
82,9331352631502;55,00963571950558;305,9040181138339
82,93301406412125;55,0096861481746;305,90403716291974
82,93286611843611;55,00974807005139;306,08175743656443
82,93261182199043;55,00985457027221;306,081813467601
82,93247441233302;55,00991211790651;306,08185083834707
82,93235053262354;55,00996399915235;306,08188817016475
82,93221341644914;55,01002142387498;306,081912397539
82,93206516184783;55,01007962616808;303,835505696842
82,93192813388394;55,01013241562958;303,8355341390794
82,93184245080278;55,01016542468542;303,835548642359
82,93178908514564;55,01018695442696;306,33550452611695
82,93170363339644;55,01022307561781;306,3355362776002
82,93156966470943;55,01027970533638;306,33558242022013
82,93138497113804;55,010357776900776;306,33562293599164
82,93128974420064;55,01039803014792;306,33566650615114
82,9309929697485;55,010523482401354;306,33797093234955
82,93085211792373;55,01058302653213;306,3380110959561
82,93071558838653;55,01064074344586;306,3380510139889
82,93057642237092;55,010699574912536;306,3380912002449
82,9304380392685;55,010758075408106;306,33814781645094
82,93017777013398;55,01086810237727;306,3382042543917
82,93005578632355;55,01091967018601;306,33823984909486
82,92991857991106;55,01097781950857;307,0370196907661
82,92966796105075;55,01108649836622;307,03707591745547
82,92954340662193;55,01114051039474;307,03711331071827
82,9294180392971;55,01119487492911;307,0371521236906
82,9292774229995;55,011255616056495;304,6883915352321
82,9291569053592;55,0113035530451;304,6884256730839
82,9290217866525;55,01135729774075;304,6884563696587
82,9288967017724;55,01141176718585;313,9193938440187
82,92877271283075;55,011480383288344;313,9194383396482
82,92867238889997;55,011535903055055;313,9194769255107
82,92856093999849;55,01159820378507;315,7280158519714
82,92844782736331;55,0116656832492;318,8767211069946
82,92835865669888;55,01172455058811;322,195099149447
82,92825942064557;55,011798058775746;322,1951521326846
82,92815283241603;55,011877013019856;322,19519726550834
82,92805865706303;55,0119442855607;318,19414289419143
82,92795618710997;55,012010133539846;318,1941862804223
82,92784482649401;55,012078510288774;311,7115415866098
82,92774246228257;55,01213094364506;311,7115763328712
82,92763398759472;55,012185370110295;308,4808973143755
82,92753491168392;55,01223062822249;308,48092806707723
82,92744132481508;55,012273378927226;308,480949169786
82,92734301874285;55,012320662849824;310,8321509828032
82,92723124838153;55,012376168596674;310,8321858939679
82,92711542879519;55,01243591229333;314,86253092975926
82,92702079691803;55,012490033949085;314,862574309721
82,92690405969452;55,01255679804612;314,86260870892727
82,92684252623062;55,01263820770668;353,4235275797806
82,92682135255176;55,0127437503521;353,4235437731854
82,92680272459434;55,01283660355515;353,4235573484052
82,92678523400679;55,01292356228396;353,3153884569485
82,92676651076954;55,01300897033455;347,93871077442867
82,92673524269284;55,01309306317035;347,93873529203404
82,92670436198618;55,013176114207354;347,938758953807
82,92667523291676;55,01325445436481;347,9387831054762
82,926643109145;55,013340848519775;347,93880261643494
82,92662041493992;55,01342326554046;355,06862390844583
82,92660545429136;55,01352290636483;355,06863024122123
82,92660725211834;55,01360343554129;0,8569899372343883
82,92669712005502;55,013772106266124;26,111434390919257
82,92707915706775;55,013922350345005;74,66294325593577
82,92713964774545;55,013931884001;74,66294081440114
82,92726855888976;55,013943761010985;82,44477115971198
82,92810026379507;55,01411838632262;49,37093068286447
82,92812342202727;55,014129981410726;47,97466331016412
82,92815669297147;55,01414721152481;47,97465406200278
82,92817342372821;55,01415587592716;47,97464552572641
82,92820290626095;55,01417114412634;47,97463700359038
82,92821909734938;55,01417952904923;47,974622812036415
82,92830508662864;55,014226853936535;42,37528035061279
82,92839650548393;55,014282695900256;45,796085426685174
82,92851419219991;55,0143484700002;45,79604695276764
82,92862049585871;55,014405332299994;50,175046383512566
82,92872433236309;55,01445509039536;50,175007052002435
82,92885300082422;55,014516747878915;50,17497109355492
82,92896094382348;55,01456920664979;48,421396640302646
82,92907695269557;55,01462834842775;48,42135595228053
82,92918500738114;55,01468343513019;48,42131425889755
82,92930659772848;55,01474542236606;48,42127128710192
82,929430049897;55,014808904586786;45,04946775923029
82,92967176489337;55,01494607464799;45,45224593020461
82,92989490218277;55,01508627266316;41,98447132786805
82,93000786191118;55,015158401945165;41,98443716228289
82,9301199463696;55,01524158819317;35,92279359064812
82,93022230441203;55,01532760642392;32,9981922484329
82,93032908776414;55,01542251223175;30,541977571362914
82,93042971448752;55,015520511411154;30,541910829069096
82,9306269409856;55,01572233219267;27,6632904124507
82,93072594392017;55,015833336579;25,311087223164193
82,93081980923478;55,01594815655894;23,41341852681957
82,93090827595114;55,01606555283123;23,413379328298717
82,93098517791923;55,01617888183272;20,436841047119174
82,93106245548482;55,016298048172224;20,43679311074139
82,93120573943973;55,016551569349346;16,732374314423467
82,93126557189758;55,01666592996912;16,73234944687553
82,9313117927806;55,01679233640855;11,388025830791761
82,9313596622601;55,016936094808024;9,221152156209158
82,93139464729178;55,01707052691918;7,833624391768694
82,93141616039658;55,01718639838868;6,066875125810839
82,93143013954331;55,01732177609892;1,3460062651299154
82,93143626857758;55,017471658846326;1,3460030262644693
82,93144088422463;55,0176067967863;1,0231363144243915
82,93144514006936;55,017743723965566;1,023134326154576
82,9314375801045;55,01786660062559;357,4885095977186
82,93141769800798;55,01801440777236;353,92960983317266
82,93138426003748;55,01814650502419;350,7190784171709
82,93131066348501;55,01838916464779;348,89450199731243
82,93126154833836;55,018532933742115;348,8945376102994
82,93122097488487;55,01865169972489;348,89457021409277
82,93117943940031;55,01877328175004;348,8946020247725
82,93114088582468;55,018886135177766;348,8946216489127
82,93110348387623;55,01899504684488;348,81446178523646
82,9310723353461;55,01908555389468;348,81448580620247
82,93104295416963;55,01917092561499;348,8145215488787
82,9309822838602;55,01934721292916;348,81454821362865
82,93097578761343;55,019366088815985;348,81455271050334
82,9309477022187;55,0194467368649;348,6580644341367
82,93090593481351;55,019566380270774;348,65808591578514
82,93086761414466;55,01969075149862;350,48669997738057
82,93084663805836;55,01976359321122;352,03570459976305
82,93082350817343;55,019858582932684;352,03571453363463
82,93078862940818;55,02004302875976;354,296291753047
82,93075252327567;55,02033408222511;356,1979497544339
82,93075225245889;55,020336423617636;356,1979500755188
82,93073661728451;55,02052545985293;358,9466970190077
82,93073553983876;55,020610819596705;0,5103638417640042
82,93073918806365;55,020724848858094;3,624053268417967
82,9307472508671;55,020797990003636;3,624048417078882
82,93076230146652;55,02087850987615;7,947671328874037
82,93078486946615;55,020971980212;7,806213297790293
82,93081251718377;55,021066291622994;10,17706182178101
82,93084515956248;55,021163423112746;14,37320308415542
82,93088783420477;55,021259101771825;14,373178668054734
82,93093437210658;55,021352929813446;17,344324339859966
82,93098034211489;55,021437497281546;17,344299314380578
82,93103134602592;55,0215235294104;19,9511645123292
82,93114440055886;55,021695246829694;22,237987051528805
82,93120720784306;55,02178350311505;22,23796224310877
82,93133183616567;55,02194839197172;25,357963403903724
82,93142829242906;55,02206532163384;25,35790983551111
82,93151930465315;55,02216086952796;29,686379634969505
82,93168533927027;55,02232213331005;33,233010313974006
82,9317271769509;55,022358819335984;33,2329982295479
82,93172814495405;55,02235966814472;33,232984745561986
82,93182149443317;55,02243817909963;35,77032367918497
82,93191929102262;55,022516168784904;35,7702825418753
82,9320169843837;55,02259365435762;36,09959968117836
82,93211586032729;55,02267195778835;35,785263126824695
82,9322195919348;55,02275463451139;35,785205543606075
82,93232802480337;55,02284105825877;35,78516806227195
82,93243337343915;55,02292092161738;37,720838192693634
82,93253505213035;55,022996446575576;37,7207880911328
82,93262756335174;55,02306516211513;37,72074128558851
82,93271645878193;55,02313119191516;37,72069583868311
82,93280368724697;55,023195983525824;37,72065147062575
82,93288835159692;55,02325887056159;37,72060443243745
82,93298603473228;55,02333142769845;37,72055466859977
82,9330811483468;55,02340207624513;37,72050495582647
82,93317871070427;55,023474543670524;37,72047498205941
82,93327580875318;55,02355069204224;35,881569816757505
82,93337684534728;55,02363093431927;35,88151524322535
82,93347733078946;55,023710738876844;35,881459028120666
82,93358455574736;55,02379589589198;35,881402349760364
82,93368661491981;55,02387695029078;35,88134240789402
82,93380598445812;55,02397175241318;35,88127904313114
82,93392063500316;55,0240628067572;35,88121744853991
82,93403348845129;55,024152433864394;35,88115781261065
82,93414092718109;55,02423776065509;35,881098000875035
82,93425438998223;55,024327871704486;35,881034918253725
82,93437391201576;55,024422794937124;35,880971604590194
82,93448824866238;55,024513599986065;35,880933595273994
82,93461307243564;55,02461212817165;36,09186683508454
82,93474884854658;55,02471912812492;36,091798340083535
82,93486739538429;55,02481255034781;36,09176114631239
82,93497704520252;55,02489902765041;36,06614288048144
82,93508247842442;55,02498219337587;36,06608632078132
82,93518692027205;55,0250645771053;36,066028027139424
82,93529881623934;55,02515284064428;36,06596697368413
82,93541349758753;55,02524330129173;36,06590951507342
82,93553497963616;55,02533899063091;36,270965895873715
82,93565261372754;55,02543108574194;36,270931370261714
82,93577293624945;55,02552582281381;36,09940188481266
82,9358955688692;55,02562243599077;36,09933671565621
82,93601496743403;55,0257165012949;36,099271207843195
82,93613888712966;55,0258141284638;36,099210884425524
82,93625517389252;55,02590574434452;36,09457321937931
82,93637171970232;55,02599757756115;36,09450960884249
82,93649142065155;55,026091896895494;36,09444247404421
82,93662129432045;55,026194241284436;35,019989055198735
82,93675218483573;55,02630154792306;35,01991740908492
82,9368803081136;55,02640658592564;35,019847179052945
82,9370060646746;55,026509683646836;35,0197809195748
82,93711986388031;55,02660297849116;35,019721392751734
82,93722125859713;55,02668610388963;35,019667947210124
82,93731306341981;55,02676136730282;35,01961741308517
82,93740396150385;55,026835887353705;35,019567552845125
82,93749333305156;55,026909155919824;35,01951831632071
82,93758193256473;55,02698179155677;35,01947061144738
82,93766583635603;55,02705057754782;35,01942936899816
82,93775616296325;55,02712300125795;37,26175016370176
82,9378468075526;55,02719144954402;37,261703147998105
82,93793612994348;55,02725889940072;37,26165978469921
82,93801278063569;55,02731678050037;37,26162055488863
82,93808636283433;55,02737234449392;37,26158467112299
82,93815006688808;55,0274204492217;37,261553783530374
82,93820461853124;55,02746164270608;37,26152774262188
82,93824973576879;55,02749571200471;37,26150540240871
82,93829014419532;55,0275262255473;37,261486009708975
82,93832400158024;55,02755179221359;37,26146787084946
82,93835951262571;55,02757860760562;37,26145224630528
82,93838385847543;55,027596991843424;37,26144137794576
82,9384010122571;55,027609945147795;37,261433902815334
82,93841264864541;55,02761873211279;37,26142967867216
82,93841367913221;55,027619510262475;37,26143036535099
82,93841469274258;55,02762027566825;37,26142950128103
82,93841674372054;55,02762182441953;37,261427792332384
82,93841983062482;55,02762415542803;37,261426606979455
82,93842129181004;55,02762525881021;37,26142511279416
82,93842638124801;55,02762910198833;37,26141374642173
82,93846431813336;55,0276577492005;37,26139492734276
82,93849846306898;55,02768353300443;37,26138266819127
82,93852952588654;55,02770747334354;36,32685675126194
82,93856112761117;55,02773216219088;36,32683810533538
82,93859911586382;55,02776184051325;36,326817856284386
82,93863669181444;55,027791196724685;36,326798617997476
82,93867595383203;55,027821891342626;36,17775076602688
82,9387172605143;55,027854338682864;36,17772706016369
82,93876421845202;55,02789122521303;36,17770084057541
82,93881480347737;55,02793096090319;36,17767415369476
82,93886350411769;55,02796921636597;36,17764856924778
82,93891007729367;55,028005800657006;36,17762299976992
82,93895859281486;55,02804391070449;36,177596131753646
82,93901006957593;55,0280843468734;36,17757320293613
82,93905813930778;55,028122575055136;35,05736613246231
82,93910185050562;55,02815835896793;35,05734187643934
82,93914576727173;55,028194311168;35,057316845718006
82,93919258921945;55,02823264167771;35,057291419894284
82,9392376298838;55,02826951395042;35,05726771668929
82,93927845349334;55,028302933956176;35,05724467517667
82,93932092529766;55,02833770324685;35,05722099522487
82,93936418406331;55,028373116778695;35,05719705477294
82,93940752274537;55,028408595733694;35,057172012835395
82,93945482876325;55,02844732252458;35,05714610624623
82,93950119487965;55,02848527987074;35,057121003100434
82,93954575170244;55,028521756049386;35,05709636641328
82,93959029030883;55,0285582173153;35,057071976479094
82,93963625613699;55,02859584928725;35,023243730253895
82,93968022500634;55,02863188934414;35,02321965605199
82,93972344968904;55,02866731941191;35,02319866789256
82,93976599011724;55,02870173044255;36,58821498859672
82,93981671333886;55,02874098055448;36,58819529797558
82,93986795140074;55,02878244310492;34,4073052094275
82,93991627643501;55,02882297377885;34,4072868936454
82,93996562037702;55,028864026650886;34,73445828256482
82,94001683306202;55,02890645741832;34,73442834031704
82,94007311189928;55,028953085597564;34,734397264437284
82,94012834549592;55,02899884777338;34,73436612573932
82,94018494517852;55,029045741779605;34,73433452559291
82,94024179616159;55,02909284399349;34,73430141331471
82,94030377861264;55,02914419773461;34,73428307463934
82,94036359475959;55,029199252324204;31,766418449194006
82,94042033567057;55,02925188918276;31,76638286635086
82,94048299662377;55,02931001788869;31,766357182754895
82,94054537686799;55,02937210786335;29,011545991542278
82,940608796754;55,02943779803325;29,011503339971924
82,94068063486331;55,029512207779135;29,01146809273446
82,94074718979681;55,02958543891947;25,64175774435388
82,94081372762867;55,02966506286046;25,641729786132487
82,94087525460633;55,02974312701353;23,90128196729991
82,94093652442218;55,02982452319725;19,258823152812965
82,94098995919893;55,029912373592865;19,25878463774049
82,94104128337295;55,02999675401458;19,25874712033837
82,94109203711812;55,03008019661259;19,258726261221454
82,94114247418894;55,030162633113;19,37783029660342
82,94118773196627;55,03023654595042;19,377796975048156
82,94123322101832;55,03031083649469;19,37776302207088
82,9412802559433;55,03038765168466;19,377726929011374
82,94133155790901;55,0304714356015;19,377689784425883
82,9413814498806;55,03055291678336;19,377652272129666
82,9414337534418;55,03063833645807;19,37762123773075
82,94148443736607;55,0307228002224;18,419454105175816
82,9415335913035;55,030807579490634;18,41941842032665
82,94158058093669;55,03088862583044;18,4193825393463
82,94163019944389;55,03097420637503;18,419345815371628
82,94167952322223;55,03105927857986;18,419306457704423
82,94173618837472;55,03115701297132;18,419265067741975
82,94179101828112;55,0312515819842;18,4192440156706
82,94184703921968;55,03134510132948;19,00884179318234
82,94189876710371;55,03143134889967;19,008804700792027
82,94194762882745;55,03151281762836;19,008768460020477
82,94199706506431;55,031595244261304;19,008732559755714
82,94204502016875;55,03167520135433;19,008695044255347
82,94209878774099;55,03176484976254;19,008654626424345
82,94215465665417;55,03185800180428;19,008612756963004
82,94221235790997;55,03195420896999;19,008570731951636
82,94226861880347;55,03204801457318;19,008529646976314
82,94232379773376;55,03214001618418;19,008488186123245
82,9423810435282;55,03223546394451;19,008446514596073
82,94243686801462;55,03232854191206;19,008403037272842
82,94249894597783;55,032432046503246;19,00835938887394
82,94255522418432;55,032525880972976;19,008316734700585
82,94261465902898;55,03262497860733;19,008290022607028
82,94267708850487;55,03273321216784;18,159371193631557
82,94274201360992;55,032846906362614;18,159322612142347
82,9428075456095;55,032961663326326;18,159284879241753
82,94287357842006;55,0330747269799;19,02031063690201
82,94293746386168;55,03318117139955;19,02026266797708
82,9430037173565;55,033291561413705;19,020216237151658
82,94306340980927;55,03339101957394;19,020191756060413
82,94312629602535;55,0334960352074;18,975792644263933
82,94318095152853;55,033587330140485;18,975753146601193
82,9432333426666;55,033674842745214;18,975716116290087
82,94328137599287;55,0337550761902;18,975679715277522
82,94333202341076;55,033839676136395;18,975658113968564
82,94337801419213;55,033921889836;17,585384440375506
82,9434221403229;55,034001855816506;17,585351125139113
82,94346692563971;55,034083016383;17,58532053058113
82,94351089626163;55,034164701514534;15,350699040886752
82,94355148287501;55,03424961745894;15,350666377123702
82,94359608025393;55,034342924789435;15,350633282338848
82,94363773672139;55,034430079099195;15,35060079153395
82,94368079869022;55,03452017402082;15,350572114299425
82,94371973618543;55,03460808485555;10,898744279466058
82,94374994811832;55,034698204210926;10,898719632960251
82,9437817141351;55,03479295925246;10,898699635902418
82,9438106801372;55,03488401726886;9,50796613831129
82,94383643026741;55,03497232022678;9,50794834905112
82,94386299930544;55,0350662830796;8,626739848732726
82,94388593303857;55,03515310364076;8,626726139384544
82,94391161925446;55,03524917723182;8,809660176119735
82,94393027139454;55,0353392497962;5,623111647256621
82,94394324144766;55,03543040920839;3,0969260132482077
82,94395212150589;55,035524674442065;3,096922004411425
82,94396082960168;55,03561682552622;2,329997833096101
82,94396799507831;55,03571796898487;2,329991993491575
82,94397498729133;55,03581666676082;2,329986235556703
82,94398198939776;55,035915504186185;2,3299821164382877
82,94398299005172;55,03601063551457;358,74362341428406
82,94397949767351;55,03610209216957;358,74362637804967
82,94397575969407;55,036199980505415;358,7436293268703
82,9439723804674;55,036288474004216;358,74363209975536
82,94396902220534;55,03637641849199;358,7436335301474
82,94395106889145;55,03655589887059;356,70543587948384
82,94391367375314;55,03677028211484;351,72419876941325
82,94390494493247;55,036804747731026;351,7242167536673
82,94386912058948;55,036946199606426;351,72424519857833
82,94383453713833;55,037082751839314;351,72426101400674
82,94379500516226;55,03723342857081;351,3917389359889
82,94376248948683;55,03735678514098;351,3917676790761
82,94372373029523;55,037503828094195;351,39179890403716
82,9436850672433;55,037650506316965;351,39182967534646
82,94364740299564;55,037793395318864;351,39185892120486
82,94361253970945;55,037925658153775;351,3918889934562
82,94357283782543;55,03807627745296;351,39192100053964
82,94353316839486;55,03822677363153;351,3919378390249
82,94349593107545;55,038359927154325;350,16647318621455
82,94345369371136;55,038499870228115;350,1665080836206
82,94340879285649;55,038648638120755;350,1665474618882
82,94332570485841;55,0389239296806;350,16660930324076
82,94328403018321;55,039062008423805;350,166634808789
82,94324167918802;55,03921074120294;351,2409671857061
82,94320349811923;55,03935077798725;351,09445980715384
82,9431670326299;55,03948442260677;351,0944894915895
82,9431297694253;55,03962099082214;351,0945196584209
82,94309209904011;55,03975905133866;351,09455432467934
82,94301857335381;55,04002852015823;351,09460831403635
82,94298308622001;55,040158579142215;351,0946377832407
82,94294538586405;55,040296749500456;351,0946679440784
82,94290817438582;55,04043312814065;351,09470243475664
82,94284082843151;55,040684586633226;352,27345067318055
82,94280910656836;55,0408188512633;352,27346478107063
82,94276994435701;55,04095679940278;350,57997205553505
82,94273383988062;55,041081767838165;350,58000030952326
82,94269954856416;55,04120046038236;350,5800280582007
82,94266473270437;55,04132096852864;350,5800575318753
82,94262612662497;55,041454595763206;350,5800876782924
82,94258964840607;55,04158085783364;350,5801150373211
82,94255796270076;55,04169053157523;350,5801438724201
82,94251782306013;55,04182946692573;350,580173681286
82,94248372292387;55,04194749773801;350,5801875951095
82,94245393028349;55,04207499977552;352,3934652153027
82,94242725843951;55,04218968870463;352,3934891181469
82,94239495781228;55,04232858140172;352,3935142414098
82,94236526287064;55,04245626965078;352,3935383350377
82,94233550542458;55,042584226668794;352,3935514245133
82,94230597569226;55,0427001869154;351,6076899330609
82,94223835023865;55,04296340598871;351,60773946746076
82,94220523658021;55,04309229453614;351,6077646429551
82,94217600249664;55,043206082584575;351,60779145320794
82,9421388180898;55,04335081573726;351,6078195142971
82,94210650859699;55,04347657422474;351,6078457809218
82,94207373674497;55,04360413235641;351,6078715874719
82,94204261125431;55,04372528234316;351,6078983198324
82,94200751331017;55,04386189434112;351,60792520265557
82,9419760245572;55,043984458256496;351,6079512503035
82,9418250027733;55,04450848976817;351,14914197238085
82,94178998590856;55,044636637654236;351,0629383884527
82,94175803223753;55,0447533114033;351,06296750895694
82,94171763496854;55,04490081560767;351,0629989569677
82,94167990965205;55,04503856360228;351,06302718986655
82,94164751898433;55,04515683297527;351,06305395985623
82,9416133965789;55,045281425513025;351,06308482191173
82,94157086912341;55,045436707754796;351,06310791052334
82,94153619191925;55,0455633260518;351,0631430268871
82,94150348608218;55,0456827462156;351,0631707354607
82,94146736334297;55,045814642654186;351,0632010657964
82,94142813481838;55,045957879374164;351,06323269646356
82,94138880678469;55,046101479435976;351,0632634010443
82,94135184193185;55,04623645071846;351,06329477440346
82,941310881094;55,04638601270491;351,06331766198326
82,94123628166196;55,04669135099352;352,2382650547284
82,94119847447392;55,0468506137731;352,23829542707165
82,94116129380225;55,047007237352595;352,23832112864864
82,94102199999996;55,047559999994654;351,2253351677404
82,94099840166767;55,04764777977848;351,22536285431005
82,94095329309161;55,047815572188746;351,2253977660778
82,9409117650254;55,04797004601468;351,22543080327523
82,94087129513511;55,04812058369578;351,22544965684034
82,94083547278294;55,04828097347364;352,9444245762978
82,94079934384916;55,04844857158315;352,94445226315213
82,94076731539603;55,04859714801844;352,94446947143626
82,94073071299144;55,04875069854201;351,8737386310013
82,94069370087388;55,04889952213515;351,8737666087605
82,94062191581597;55,04921037514465;352,85790377123544
82,94058771816398;55,04936706914785;352,8579260853835
82,94055821436423;55,0495130172725;354,3534550860246
82,9405303503325;55,04967482082228;354,3534769420715
82,94050472922632;55,04982359993542;354,3534915991472
82,9404768884656;55,04998051954968;354,0804667487316
82,9404508911916;55,05012447308256;354,0804899163219
82,94042013022342;55,05029480440437;354,08051376957434
82,9403924489824;55,050448082492;354,0805354562357
82,94036447081183;55,05060765275731;355,54869059980797
82,94034584147236;55,05074975927484;355,7541886375435
82,94032115585657;55,05093775689453;355,742147337595
82,94026860424299;55,05125808321749;354,245000026374
82,94023812510935;55,051422201250254;352,82636869490614
82,94020004580236;55,05159589633476;352,82639868286424
82,94016428099795;55,051759034039044;352,8264272553424
82,94012969422921;55,051916798247326;352,82644595080797
82,94008776748417;55,052078453493294;350,91617091005503
82,94004013163295;55,05224949943353;350,9162081058091
82,93999529556018;55,052410492215756;350,91624155456316
82,93995266066251;55,05256103152532;349,17762498589525
82,93990276518727;55,052710873388634;349,1776552023889
82,9398519757878;55,05286799534737;349,793661870567
82,93980376851228;55,053020230006545;347,76276875970535
82,9396947075998;55,053306349584524;346,5720838021018
82,93963251012572;55,05345590570367;346,57213130795026
82,93957215269357;55,053601237752595;347,7364738431579
82,93951976433632;55,05373770489087;347,1079268387907
82,93944992837928;55,05391286255551;347,1079751963032
82,93939641033646;55,05404709276855;347,10799855695154
82,939390431002;55,05406208971722;347,10801345384334
82,93935830122325;55,0541426753818;347,10803888127055
82,9393255860785;55,054224729220444;347,1080538618043
82,93932009134767;55,05423851072011;347,10805667430986
82,93931713001618;55,054245938124716;347,1080697570568
82,93927646284551;55,054345844615504;346,1408231642762
82,93923397029184;55,0544447161783;346,14085774970175
82,93918752994989;55,05455277344455;346,14089040026585
82,93914999595913;55,054640107436086;346,14091084010226
82,93910795503996;55,05474007534399;346,58144051825536
82,93906498905437;55,05484345972767;346,5814713292705
82,93902904513706;55,054929947671354;346,5815132488885
82,93895757923808;55,055101908300685;346,5815576005014
82,93891542708009;55,05520333445945;346,58160240986916
82,93884061184966;55,05538335422128;346,58164540147925
82,93880746801273;55,055463104635635;346,58166509875014
82,9387078095105;55,05570290206359;346,581739210754
82,93869992834745;55,055721865650106;346,5817570283345
82,93866218692449;55,05581267873632;346,5817867430869
82,93862382762092;55,05590497856157;346,58181021391636
82,93858949420132;55,05598759133942;346,58184087507755
82,93855782681568;55,056063789129446;346,58186447751916
82,93852903370166;55,05613307087194;346,58188591258147
82,9385029067367;55,056195937349514;346,5819067380709
82,93847571706567;55,05626136090133;346,58192821776066
82,93844785001015;55,05632841436984;346,5819468537671
82,93842797558017;55,0563762360517;346,58197045846725
82,93838737849644;55,056473920404166;346,58200048704276
82,93835107069383;55,05656128392547;346,5820322130488
82,93830609918737;55,056669493976244;346,5820580382454
82,9382122583702;55,05689529294059;346,5821374769236
82,93817523467872;55,056984379027476;346,5821685710296
82,93813263487576;55,05708688230576;346,58221003362166
82,93804941860445;55,057289299037514;347,1561456693846
82,93797991539248;55,05746449648597;347,4082982714577
82,93794945013573;55,05754278511085;347,40831681028317
82,93793270548697;55,057585814964035;347,40832743444525
82,93771419119244;55,05817359283233;347,5573032353882
82,93769935409468;55,058212191597946;347,55732300917214
82,9376639366376;55,05830433024572;347,55735194411966
82,93762578055693;55,058403593432985;347,557382740535
82,9375856925388;55,05850788256287;347,5574146153669
82,93754474886293;55,05861439768957;347,55744714163177
82,93750301648035;55,05872296463974;347,55748082325994
82,93745913993143;55,05883710964667;347,5575246264974
82,93736980939242;55,059069503379774;347,5575870220744
82,93732243110888;55,059192758162546;347,5576111314223
82,93727494563919;55,059316291790445;347,5576604576157
82,93723065127423;55,059431523747406;347,5576974649601
82,93718085610233;55,05956106607428;347,55773707884003
82,9371299802599;55,059693419769644;347,55777642253446
82,93708086244325;55,05982119995433;347,5578222819917
82,93698586315445;55,06006834096128;347,55788958158666
82,93693736895605;55,06019449880075;347,5579352065571
82,93684846204238;55,0604257904709;347,55798076275875
82,93679686622586;55,06055975149348;347,5312964423001
82,93674745853919;55,06068800123333;347,5313331874585
82,93670345327216;55,060802227671125;347,5313770975035
82,93661400587662;55,06103441027223;347,53142323364403
82,93656775519001;55,06115247071561;347,2965869224
82,93652051447098;55,06127275431345;347,29661791464827
82,93647602638576;55,06138602919708;347,2966424432381
82,93628473293667;55,06187805264393;347,6110182840646
82,93628279591523;55,061883113893494;347,6110234162371
82,93627263767658;55,06190965638804;347,61103000464936
82,93623172531555;55,0620140049628;347,25944656662375
82,93619315529389;55,062109161272524;346,85225396137156
82,9361552534207;55,062200597867395;346,3658154670827
82,93611609193455;55,06229326393539;346,36584552293175
82,93607814959601;55,06238304518918;346,3658730329598
82,93604549962707;55,06246030334618;346,3658877066065
82,93602976352655;55,062497538975;346,36590043322224
82,93602362208009;55,062512071204296;346,36590361071484
82,93602150202399;55,06251708779792;346,3659051794579
82,9360195285018;55,06252175765494;346,36592033357283
82,93598273890295;55,06260881123254;346,3659488170124
82,93594643425497;55,0626947172926;346,3659740257356
82,93591488181579;55,06276865611867;344,950539870727
82,93587799843718;55,062847387946064;344,95055689326404
82,93586304486227;55,062879308077086;344,9505700611304
82,93585144261743;55,062904074407456;344,95058638329135
82,93582050474832;55,06297011485872;344,9506008488506
82,93578172184544;55,06306056677984;346,398406921605
82,93573698173009;55,06316669449531;346,39842786515976
82,93569826870427;55,06326834976215;348,0102269874046
82,9356667818908;55,06335344387202;348,0102523627727
82,93563397680151;55,06344210066394;348,01027839698696
82,93560084231983;55,063531647649214;348,01030424110746
82,93556850008818;55,06361905355369;348,01033043435467
82,93553452774738;55,06371086487983;348,0103567456686
82,93550183984516;55,063799204969996;348,0103832542485
82,93546738890527;55,06389230972528;348,010408128316
82,93543884468029;55,06396945139657;348,0104299859878
82,93540475206521;55,06406168216415;348,0663090931142
82,93537224904547;55,064149945919965;348,0663344375784
82,93534059464733;55,06423590519671;348,06635839174794
82,93531159996117;55,06431464187778;348,0663831095663
82,93527800794195;55,064405862872235;348,06640758809203
82,93524964250874;55,06448289078199;348,06642772010105
82,93522699480752;55,06454439187279;348,06644507211064
82,93520574805092;55,06460208862077;348,0664655176999
82,9351752272482;55,0646849695562;348,06648022457375
82,93516848114382;55,06470328897736;348,0664961739229
82,93513486649344;55,06479457142793;348,066524189955
82,93509755444477;55,064895894368966;348,0665512086413
82,93506646469186;55,06498032032023;348,0665756455264
82,93503567451486;55,06506393275638;348,0665993567041
82,93500646263016;55,06514325925228;348,0666241034082
82,93497298343132;55,06523417387661;348,066641677269
82,93493248968194;55,0653450192314;348,1929710611161
82,93490610854397;55,06541744744656;348,19299554426556
82,93487054141949;55,06551509537016;348,19302025523825
82,93484360346983;55,06558905228648;348,1930448791511
82,9348082595093;55,06568608752356;348,1930636264933
82,9349287944628;55,065913835427835;61,24067497762998
82,93492881579941;55,06591384214831;61,240605027418695
82,93516573086806;55,065998231125896;49,20408334973479
82,9352864775296;55,06605803739343;49,20403974931413
82,93541319469975;55,06612080087596;49,2039966801222
82,93553098859141;55,066179144625686;49,203970289387485
82,9356671327858;55,06624641555761;49,29293575207878
82,93578740177934;55,06630733425798;47,67380014813365
82,93589847400717;55,06636538976169;47,67375747604155
82,93601549114035;55,066426552563044;47,673712782894015
82,9361373594659;55,06649025099751;47,67366931966905
82,93624783090183;55,06654799247782;47,673622762733046
82,93638620450609;55,066620317931715;47,67357491443825
82,9365035579546;55,06668165651921;47,67353025004166
82,93662492950843;55,06674509529982;47,673482618755806
82,93675821837039;55,06681476304816;47,673432822922365
82,9368910043034;55,06688416792442;47,67338273107065
82,93702607219056;55,06695476553801;47,67335505821806
82,93715375983376;55,06702046177327;48,16924072502164
82,93729153802724;55,06709123361337;48,16919399738511
82,93740828654997;55,067151203246986;48,16914680485098
82,93754873022297;55,067223344250706;48,16909737148556
82,93767758444403;55,067289532158235;48,16904844333005
82,93781532419227;55,06736028425036;48,16900229350258
82,93792904859757;55,06741870050059;48,168961804487346
82,9380359779778;55,067473626384036;48,168926996626794
82,93811859704148;55,067516064908;48,16889588611011
82,93820545758415;55,0675606821314;48,16884087658173
82,93841837996501;55,067670052912874;48,16879326084307
82,9385410441513;55,06773298747454;48,222531463315185
82,93866520841979;55,06779664591296;48,22248534358177
82,93879282559205;55,06786207463895;48,22243557486007
82,9389368830261;55,06793593221014;48,22238902348036
82,93904696313477;55,06799236976587;48,22234354346435
82,93918522723388;55,06806325712138;48,22229865380298
82,93929208099364;55,06811804054312;48,22225637859608
82,93941602844237;55,06818158781908;48,222220306389055
82,93954433300772;55,0682473973118;48,19373115321769
82,93969057770961;55,06832245119654;48,19367992164877
82,93982377451623;55,068390808802945;48,19362920320621
82,93996712631369;55,0684643780273;48,19359339932558
82,94009062950384;55,06852833877852;47,74903911342571
82,94023327697201;55,06860188004764;48,12299020033119
82,94035935941692;55,06866674689824;48,122943196377776
82,94048891165514;55,06873339888686;48,122897725537555
82,94060662191619;55,068793958419356;48,12285448243288
82,9407240871005;55,06885439186487;48,122808640491016
82,9408559728201;55,06892224438214;48,12276120107098
82,94098200146306;55,06898708355275;48,1227192588529
82,9410841672345;55,06903964576184;48,122678572667596
82,94120324086235;55,06910090671881;48,12263240687723
82,94133520897674;55,06916880162653;48,12258887031071
82,94144001329111;55,06922272131227;48,122550205716216
82,94154550785112;55,069276996115306;48,12251065563505
82,94165520935285;55,06933343530417;48,12247018671887
82,94176538559603;55,069390118737914;48,12242856934971
82,94188165852593;55,0694499387928;48,12236827756537
82,9420932894163;55,06955881857667;48,12228712186449
82,94232634055676;55,0696787537869;47,54516938720362
82,94243311090695;55,06973480822076;47,545128044363466
82,94254625500487;55,069794208872175;47,54508819315202
82,9426450706248;55,06984608707265;47,545034708020864
82,94283075106905;55,069943569305885;47,54499743696156
82,94294579214464;55,07000013222908;49,63888093522894
82,94308091821432;55,07006603387782;49,63885671380868
82,94321931261585;55,07013700557714;48,149753117167805
82,94333994464144;55,07019900761015;48,149690766713825
82,94355883518497;55,070311512217735;48,14963116458361
82,94366437860614;55,0703657590618;48,14957254895102
82,94387797512601;55,07047554266534;48,14951210678812
82,94399337957653;55,07053485784733;48,149467033683955
82,94412347635273;55,07060172454022;48,1494298013114
82,94424220227924;55,07066352713053;47,22734543644772
82,94436418121931;55,07072828138266;47,22729769889354
82,9444930426278;55,07079668929085;47,227253554107875
82,94459615549276;55,07085142821917;47,22720997890179
82,94472205837536;55,07091826555189;47,227162855351345
82,94484371252297;55,070982847383355;47,22712157577423
82,94493903488826;55,0710334506143;47,22708468509966
82,94503755642509;55,071085752170895;47,22704250308655
82,94516064834403;55,07115109726367;47,22699598411209
82,94528206599807;55,07121555354915;47,22694935134385
82,945405653615;55,07128116179023;47,22690941394763
82,94550934903447;55,071336170655826;47,34904179661247
82,94562393054936;55,07139673819091;47,348999063767145
82,94573489644873;55,07145539451965;47,34893974681592
82,94593709043944;55,07156227381546;47,34888306068854
82,94603416921733;55,07161358944252;47,34885004525418
82,94611139332129;55,07165440993289;47,34881901991146
82,94619783780003;55,07170010429299;47,348792276584796
82,94625266008568;55,07172908323179;47,348773173207306
82,94629864268708;55,0717533895331;47,34874221582714
82,94641618077277;55,07181551990494;47,3486966285855
82,94653920055723;55,071880547890636;47,34866634011183
82,94676910181435;55,072002410522224;47,24949628872064
82,94689709735648;55,07207030380977;47,249451542756034
82,94700436004744;55,072127199671954;47,2494219195959
82,94713481849442;55,07219294792792;49,605702793852984
82,94726523531239;55,072256624024426;49,60565621457395
82,94740357191226;55,072324166959625;49,605626635420315
82,9476621968979;55,07245505623701;47,81885931454699
82,94777619163709;55,072514327815895;47,81881347949824
82,94790859546201;55,07258317120117;47,81876276589998
82,9480488007004;55,07265607093234;47,81871076212755
82,94818802155707;55,07272845883415;47,8186613629653
82,9483143772125;55,07279415747291;47,818632844404696
82,94845800789882;55,07286840230225;48,0235137455107
82,94861414381877;55,07294900344088;48,023459631887064
82,9487510932667;55,07301970005856;48,02341001040649
82,94888306454845;55,07308782682641;48,02336054431767
82,94902010237641;55,07315857005917;47,97372828472571
82,94916861101028;55,07323536733213;47,97367682381102
82,94929835252664;55,07330245969161;47,97362612648549
82,94944268986937;55,0733770998928;47,973576158087376
82,94956848833128;55,07344215320703;47,97354654032098
82,94968606094919;55,07350300538325;47,93858685038693
82,9498121565409;55,073568292259715;47,93853769128977
82,94995151629941;55,0736404467515;47,938488136954675
82,95007972685501;55,073706828665344;47,938445251080665
82,95018306499826;55,07376033271335;47,93840342371225
82,95030560198653;55,07382377709792;47,93836081930714
82,95041311171757;55,07387944101473;47,938325261293414
82,95049750044751;55,07392313387118;47,93829480324557
82,95057762498543;55,07396461891232;47,93826762124096
82,95064429079699;55,073999135603536;47,9382499604879
82,95072286295867;55,07403985486206;47,8963354895704
82,95092582333638;55,07414241166279;48,93067249107172
82,95106241702749;55,07421178576903;48,344666073867494
82,95122698082447;55,07429578187375;48,344615140220654
82,95134182187367;55,074354398659274;48,344574678794785
82,95144892649652;55,07440906664385;48,34453746147619
82,95154599518587;55,07445861212071;48,34450374093653
82,95163386126328;55,07450346043106;48,344463447592965
82,95176705068207;55,07457144253024;48,34442895533825
82,95191009234225;55,074644209374085;48,35967754900389
82,9520479288419;55,07471452555999;48,35963215877734
82,9521591156895;55,07477124663947;48,35959039250925
82,95227724134124;55,07483150749425;48,35954579357933
82,95240388978563;55,074896116183425;48,359500455096104
82,95252605112684;55,07495843581288;48,35945824429475
82,9526356692661;55,07501435662833;48,35941494280333
82,95276364338945;55,07507964160203;48,35937043739641
82,95289265919494;55,075145445095714;48,41614216125358
82,9530129731158;55,07520669981086;48,41609753064156
82,95313810931515;55,07527040966419;48,416053629644516
82,95325447075176;55,07532965207444;48,416011847878
82,95336798139691;55,075387443078064;48,415969466313356
82,95348757395696;55,075448330531074;48,41592863778946
82,9535925473509;55,0755017750145;48,4158910918224
82,95369413564634;55,07555349606273;48,41585783849826
82,95377557340146;55,07559495798547;48,41582695234854
82,95386387771035;55,075639915836184;48,41579685565884
82,95394116179848;55,075679263027034;48,41578996885685
82,95394129878856;55,075679332771976;48,41577644061317
82,9540999198588;55,07575853459711;46,66811509574136
82,95424536324674;55,07583620800465;47,79291218852772
82,95426884576656;55,075848427830714;47,79289163243892
82,95435518274863;55,07589335584149;47,79287205463532
82,95437417454217;55,07590323878483;47,792843453591814
82,95450850503188;55,075973141641576;47,79279449020207
82,9546370223859;55,076040019460656;47,792747682757984
82,95475987361493;55,07610394874342;47,79269925010755
82,95489704097017;55,07617532784732;47,79265156248535
82,9550159522528;55,07623720686205;47,79261551583109
82,95512106275775;55,07629182956098;47,92671976388626
82,95522936951727;55,0763479255799;47,9266778353106
82,95534727667548;55,0764089939953;47,92663288873736
82,95547193620902;55,07647355971203;47,92658929497752
82,95558264366929;55,076530899141396;47,92654626200243
82,9557041278709;55,07659382023795;47,926505104188564
82,95580471356679;55,076645917236576;47,926462872753916
82,95593206874679;55,07671187912686;47,92641941775351
82,95603918680953;55,07676735947642;47,9263828831503
82,95612932309994;55,076814044347024;47,92635219283092
82,95620472339033;55,07685309690604;47,92632919610996
82,95625355884151;55,076878390566414;47,92630759377919
82,95632115200905;55,07691339953193;47,926274452671386
82,95643242847974;55,07697103367255;47,92623131827854
82,95657405574744;55,077044379723546;47,94779315072913
82,9566933323175;55,07710601893947;48,14755269877262
82,95682272728183;55,07717251841796;48,1475067120275
82,9569435804796;55,07723462805781;48,14746368575073
82,95705695299996;55,077292893180584;48,14742451734033
82,95715681671231;55,0773442157713;48,1473829697578
82,9572830949772;55,077409113495925;48,14731678631842
82,95752733592445;55,077534635348414;48,14724797775092
82,9576473814165;55,07759632988699;48,14720392500667
82,95776709573944;55,07765785422906;48,14717938642863
82,95788404576078;55,07771888630987;47,65182699755454
82,9580041564012;55,077780439693576;48,25806383251644
82,95812105095607;55,077840281126264;48,258021841945606
82,95823372493385;55,07789796193323;48,25797956102998
82,95835227736117;55,0779586520749;48,257942731067416
82,95846037896732;55,07801405070322;48,12990427873962
82,95858075970561;55,07807595448048;48,12983923017411
82,95893094451228;55,07825603114876;48,12973249775019
82,95904463047486;55,07831449224981;48,12969026673675
82,95916059070258;55,07837412285359;48,12964503351455
82,95929070184127;55,0784410303262;48,12960024778359
82,95940422238212;55,078499406361885;48,12955807991516
82,95952005655568;55,07855897214443;48,12953622512322
82,95963272408363;55,07861700295491;48,08192503311293
82,9597502910456;55,07867756081552;48,081876287637535
82,95989731385626;55,078753291163004;48,08182983384657
82,96000255817823;55,07880750172416;48,08178967101168
82,96011529646742;55,07886557237165;48,08174848165913
82,96022618973697;55,078922692663376;48,08168532827885
82,96045818603172;55,07904219221539;48,08162550562717
82,96056396490624;55,0790967472726;47,78800822084572
82,96067295746171;55,07915346986365;47,787966351485494
82,9607887078251;55,07921370939557;47,787909694460794
82,96097706661907;55,07931173626348;47,78784908828747
82,96121240213775;55,079431517715314;49,32342798959768
82,96129945869687;55,07947549709668;47,89243322888158
82,96141913507536;55,07953751958708;47,959609596482345
82,96152684210074;55,079593236093366;47,9595689045893
82,96163899382697;55,079651251829475;47,959522142797255
82,96177954557417;55,0797239588073;47,95947832215787
82,96187572665639;55,079773712979375;47,95943389942187
82,96201962900375;55,07984815321215;47,95939063143682
82,96210946651117;55,07989462587288;47,959331349457045
82,96234001851984;55,080013889703594;47,95926728706767
82,96245557587555;55,08007366716113;47,95922142555621
82,96258790458752;55,08014212038863;47,95918803844464
82,96271794559236;55,0802096725356;47,76989586117749
82,96284761694392;55,08027719790101;47,76982840725416
82,96312019075464;55,08041913862993;47,769743768478335
82,96326123131774;55,080492584425365;47,76968938636304
82,96341193499137;55,080571062211725;47,769635175225176
82,96356995385557;55,0806533338033;47,816954199658895
82,96373558926905;55,08073944395713;47,81689489356946
82,96388866773762;55,08081902603557;47,816837871337704
82,96404201509039;55,08089874790094;47,81678306487586
82,96418316406955;55,08097212810418;47,81673065221134
82,96432369733695;55,08104518821259;47,81668128545913
82,96444841055306;55,08111002382955;47,81664234386282
82,96455573627352;55,08116556081166;48,44815761312876
82,96464199258449;55,08120941995283;48,448129606916375
82,96472603720169;55,08125223299654;48,17550338144893
82,96480453298419;55,081292530296636;48,17546677376104
82,96487132027167;55,081326816818525;48,17545257019706
82,96488159584344;55,08133209197838;48,175447885171366
82,9649365933761;55,08136071745883;47,63174205294881
82,96514691409133;55,08147229621562;46,58103571095115
82,96520020723365;55,081501226778556;46,581023917597385
82,96520695844794;55,08150489172347;46,581015503705196
82,96547389622798;55,08164834990213;47,635430671237664
82,96554205513938;55,081684009595065;47,63540062816074
82,96563416697418;55,081732201088684;47,635363874864254
82,96573817509237;55,08178661653463;47,635341189263876
82,96575531517078;55,08179558395972;47,63533854217711
82,96598779648366;55,08191721460284;47,6352493036419
82,96599545234585;55,08192122003206;47,63522153462434
82,96613649497222;55,081995011362395;47,63517073039304
82,96626657605837;55,082063067783665;47,635122171334764
82,96639561723707;55,08213058014137;47,635072270752545
82,96653285824684;55,08220238252443;47,63503808027878
82,96667346967114;55,082275568976556;47,85233531941439
82,96680363273845;55,08234315117999;47,8522884042606
82,96692590811193;55,08240663799953;47,852241992048334
82,96705344478637;55,082472856548705;47,85219624040873
82,96717198938563;55,082534406306166;47,852155829985186
82,96727096165255;55,08258579387725;47,85209421354139
82,96750351502047;55,08270653833528;47,85203435616106
82,96759299999997;55,0827529999946;315,1782003476213
82,96751062371492;55,08280055053313;315,17822587516844
